3.554743052
2.830197096
3.862982512
4.910986423
3.581035137
3.852222919
3.022743702
2.698121071
2.526786327
4.074110031
3.039248228
3.20299387
3.572653055
2.334218979
2.76023221
2.3110466
2.698638201
4.1208148
2.428194046
1.546312094
4.645060539
2.840659618
2.93414402
2.885525465
3.262970686
3.368809223
0.842216551
1.083967924
1.910158873
1.993545055
0.739663482
2.402364492
1.716621399
2.073776007
1.534243226
3.07709384
5.225950241
4.577794552
4.219436169
4.031488895
4.995201588
4.507301807
4.100256443
4.158412457
4.887676239
3.573514938
2.221221924
4.420942307
2.689683914
2.934089422
2.916527033
3.302033901
3.048928976
2.769299984
2.526799917
5.35471487
4.384598255
4.667459011
4.168474674
4.625823975
3.363428593
4.34388113
3.699984074
4.428472042
3.185484409
3.611432314
3.285464525
3.422934532
4.163756847
4.335419178
4.002113819
4.600967884
4.388388157
3.964053392
4.430047512
4.260257721
3.912929296
3.777458668
3.021562099
2.620714664
3.355528593
3.215476513
5.067678452
2.763481855
2.214006662
5.154585838
5.223954678
4.636450291
-1.97853148
3.702414751
4.201920033
3.80284977
1.329180956
1.93274641
3.908034086
3.117275238
0.641636431
1.30920887
3.972951889
1.5506109
1.936159134
0.944214344
1.397749186
3.453881502
3.586248636
4.595087528
3.984170437
3.034917831
2.523945808
2.54467988
1.754170418
1.570447564
2.999733925
3.632721424
3.077605963
2.823564291
2.470735788
4.275877476
2.937511444
3.389563322
3.706179142
3.851821423
4.290097237
5.351930618
2.98857832
3.058711767
1.852525234
2.784649372
3.096067429
2.183357954
2.432258844
2.763879299
3.141099453
1.871054053
4.721493244
4.527916908
4.493944645
6.869714737
4.723156452
3.228040934
3.756151915
3.82572031
4.004043579
4.066504002
2.418329239
2.505828381
2.955844402
3.302443743
4.253812313
4.063920975
3.488266468
3.407922983
3.746093512
4.454281807
4.133738518
4.81000948
2.694519043
3.538768291
3.841935635
4.010469437
3.252201557
2.874865055
2.946701527
4.024564266
3.896781683
4.519141674
2.779184818
4.763059139
4.781628609
3.325246572
4.401019573
3.328680992
3.280435562
3.982435226
2.999715567
3.322066307
3.504794836
3.859517097
3.287926674
2.414522171
3.731553078
2.195004702
3.536733866
3.367973804
3.607693672
2.852632761
3.236691236
3.288700819
2.814133644
3.682653189
4.298553467
4.065753937
3.652523994
3.781291962
2.528155804
4.286755562
2.205241442
3.753831625
3.821641207
4.032469273
2.649661541
3.839486361
2.82661438
3.650964022
5.288878918
4.168115616
3.651917219
4.686185837
3.682601213
4.536393642
2.815344095
3.658159256
4.096622467
3.754110336
3.772306442
3.437142372
2.033854485
3.815780401
4.298253059
3.77323246
4.530228615
3.594198227
4.777102947
2.51383996
3.525560617
4.190944195
3.779080868
3.490116358
3.790975332
2.19191432
3.605519533
3.794868708
4.496507168
3.008259773
4.682873726
3.080388546
3.864405155
3.893926144
4.131284237
3.047023296
4.324935913
3.409580469
4.351915359
3.694422483
2.93210578
4.006073952
1.884829998
3.18309927
3.037386656
3.487301826
2.696496248
4.45890522
2.522878885
3.086478949
2.612575054
4.442208767
2.051321268
3.112549067
3.295680523
3.532390594
3.203042746
3.048079967
2.500636816
3.282948971
3.704496861
3.525409222
2.909533978
3.077569008
3.440852642
2.711110353
2.628903151
1.940534115
2.514258623
3.741922379
4.294652939
4.368014812
4.28840065
4.069088459
4.23929739
3.3794837
4.572113991
3.368935585
3.300315857
2.938892365
2.487369537
2.865398645
2.894359589
2.91495204
4.236737251
4.124495983
2.968629837
3.51200819
3.218214273
4.145184517
4.461355209
3.264080048
3.710379362
3.201357126
3.84992218
3.46809864
3.416495085
3.608259916
3.869378567
3.849099159
2.686078787
3.612438679
3.226447821
4.28764534
3.896903992
5.368496418
2.952557802
1.274480104
2.298346281
2.031347036
3.608903646
4.084822655
3.314099789
2.190756798
3.572725296
3.689265728
3.371881008
3.68455863
3.611319542
3.498739719
3.223877192
3.041219473
